	partida en caguas: 
		caro:	18.276052, -66.036016

		barato:	18.276092, -66.035731


	meta en SJ 
		cara: 18.337392, -66.065053

		barata: 18.337639, -66.064872
